14 2 0 1650.0000 2847.6233 796.4560 358.6688 21.8450 16321.9963 36.4595 
121 1 0 349.0000 2218.7824 163.1919 318.8172 20.1071 43451.5637 8.1161 
142 2 1 3363.0000 3657.8760 1640.4768 364.6010 20.2782 10636.6373 80.8984 
162 2 2 4290.0000 3191.7677 1184.3881 361.8563 20.2076 10791.4278 58.6110 
168 2 3 3476.0000 3764.0253 1729.8123 369.8709 20.1539 9536.2915 85.8303 
172 2 4 7307.0000 5887.2837 3550.0226 374.1557 20.2644 8263.6880 175.1851 
205 2 5 5107.0000 3416.4288 1339.6532 364.4827 20.0736 12587.9275 66.7370 
233 1 1 455.0000 2273.5705 190.3462 328.3102 17.5115 53918.0731 10.8698 
265 1 2 233.0000 2084.2662 113.8209 288.6517 80.9683 193769.4935 1.4057 
286 1 3 482.0000 2235.4227 245.7985 335.7507 15.2238 50672.0839 16.1457 
325 1 4 0.0000 2333.0610 158.5299 310.0847 67.5448 310039.1832 2.3470 
379 1 5 162.0000 2107.2436 71.9636 262.7323 21.8761 81556.7216 3.2896 
384 1 6 399.0000 2269.1768 202.4942 332.2539 41.6161 47064.6575 4.8658 
477 2 6 5140.0000 4663.7869 2519.9109 370.9271 19.9112 8828.7099 126.5577 
480 1 7 188.0000 2232.4376 78.5240 270.8138 3.7023 83659.4156 21.2094 
567 1 8 370.0000 2285.1039 179.6523 325.2476 21.8195 33855.3237 8.2336 
606 1 9 234.0000 2201.8608 108.7582 301.6506 17.0603 135491.3523 6.3749 
629 1 10 213.0000 2174.9430 94.4360 290.1494 23.1438 74986.4971 4.0804 
697 2 7 4978.0000 4518.8737 2466.8214 371.1993 20.8382 8779.6749 118.3799 
802 1 11 232.0000 2142.4081 112.4076 304.7171 22.1116 66348.7564 5.0837 
836 2 8 2593.0000 3333.7942 1285.1104 363.3213 20.0894 10995.4811 63.9696 
900 1 12 187.0000 2158.2936 89.9940 282.4362 33.1133 84022.9434 2.7178 
936 1 13 165.0000 2178.2087 86.1436 281.3557 14.1531 52125.7294 6.0866 
950 1 14 187.0000 2165.5671 90.3703 268.8185 38.1851 166641.8848 2.3666 
972 1 15 316.0000 2237.6537 125.5333 283.0908 74.0511 45148.7230 1.6952 
1006 1 16 260.0000 2206.3405 142.8058 313.6371 51.7847 37991.9392 2.7577 
1081 1 17 0.0000 2228.4185 141.8220 291.8427 144.3417 32772.6626 0.9825 
1095 2 9 1931.0000 2966.6694 928.4597 358.2900 19.5647 14542.4968 47.4560 
1142 1 18 235.0000 2201.1010 115.8378 298.7513 21.1244 48188.7446 5.4836 
1150 2 10 2141.0000 3152.3159 1034.9427 366.6362 21.5337 11419.0135 48.0616 
1219 2 11 3144.0000 3645.2583 1539.0164 364.5705 20.2050 10514.8937 76.1699 
1243 2 12 6092.0000 4090.8855 2050.8016 369.9227 21.2335 9196.8614 96.5833 
1265 1 19 434.0000 2412.3241 102.2095 279.5306 45.5381 146991.4859 2.2445 
1274 1 20 466.0000 2275.8898 227.1247 333.3283 15.5058 44436.1724 14.6477 
1327 2 13 3005.0000 2859.7681 790.8523 356.8828 20.5119 15107.3186 38.5558 
1336 1 21 471.0000 2315.4678 228.1114 332.1012 26.6996 25744.7034 8.5436 
1452 2 14 10472.0000 7208.8226 5126.4535 376.8135 19.9539 7649.6056 256.9154 
1498 2 15 8661.0000 6271.3029 4278.3813 374.4137 20.0615 7680.7014 213.2630 
1541 1 22 127.0000 2086.3551 79.9836 260.0570 37.2313 59468.6997 2.1483 
1616 2 16 3712.0000 3878.4528 1827.4947 366.9716 20.0759 9919.9497 91.0292 
1645 1 23 368.0000 2178.9576 183.5295 326.1740 22.6591 77014.0389 8.0996 
1677 2 17 9701.0000 6773.6886 4792.7149 374.0772 19.7268 7809.3185 242.9542 
1699 1 24 404.0000 2201.7318 189.3560 326.7584 11.3713 37728.2325 16.6521 
1726 1 25 220.0000 2099.1191 112.6695 302.8297 25.4466 73348.6260 4.4277 
1846 2 18 6771.0000 5378.2112 3334.3453 371.8961 20.7121 8320.1202 160.9852 
1947 1 26 262.0000 2177.8222 115.8021 305.5968 15.4451 179457.1176 7.4977 
1954 2 19 9438.0000 6698.7920 4625.1368 374.9756 20.0951 7654.4974 230.1629 
1964 1 27 276.0000 2156.6472 133.8218 310.5098 46.4947 55560.2002 2.8782 
1970 1 28 0.0000 2110.8092 85.4958 259.0436 60.2281 42891.2228 1.4195 
1980 1 29 472.0000 2214.9058 219.1539 333.7109 37.9678 320801.7302 5.7721 
1998 2 20 1665.0000 2868.3229 797.0655 357.6193 19.7462 14199.9491 40.3654 
2005 2 21 6092.0000 4977.8724 3010.2128 373.3453 20.8831 8290.8356 144.1459 
2040 1 30 217.0000 2117.2786 96.7007 284.0039 61.5751 135777.4879 1.5705 
2176 1 31 248.0000 2165.3135 147.3605 316.5940 16.7049 96019.2921 8.8214 
2225 1 32 360.0000 2262.7680 164.4647 329.6233 96.4376 53365.3153 1.7054 
2241 1 33 395.0000 2274.5498 198.4220 326.8177 21.8410 31045.2284 9.0848 
2315 2 22 5117.0000 4639.5705 2507.3449 369.2625 20.0876 9064.9071 124.8208 
2417 1 34 0.0000 2139.4896 91.7066 254.5188 80.3196 64092.2722 1.1418 
2482 2 23 20082.0000 6854.0201 4789.2214 372.6451 18.9546 7909.0730 252.6681 
2509 1 35 430.0000 2232.2388 118.1326 245.6299 125.9373 270778.6071 0.9380 
2603 1 36 283.0000 2223.2851 128.1028 283.0049 121.2391 59343.1601 1.0566 
2649 2 24 5577.0000 3717.1434 1652.4085 365.0937 20.2263 9864.0340 81.6960 
2666 1 37 205.0000 2125.0496 98.4761 291.0479 23.5394 36469.3199 4.1835 
2685 1 38 108.0000 2271.8623 77.0575 266.5682 27.3405 81857.8647 2.8184 
2714 2 25 5066.0000 4511.6687 2508.0997 370.0068 20.3568 8798.6481 123.2071 
2730 1 39 275.0000 2215.0861 141.7359 312.3378 9.9097 39496.0490 14.3027 
2776 1 40 291.0000 2172.1348 129.6091 304.6464 83.9272 105443.2239 1.5443 
2787 1 41 0.0000 2101.0571 74.7811 260.8420 36.8341 184910.3328 2.0302 
2792 2 26 9827.0000 6909.7551 4812.4544 383.5822 22.8545 7553.6264 210.5691 
2844 2 27 13722.0000 8777.1851 6729.6598 378.4714 19.4365 7318.7570 346.2386 
3112 1 42 0.0000 2112.2525 81.7830 279.8214 25.8391 56344.6966 3.1651 
3161 1 43 308.0000 2232.0620 115.5723 301.7448 30.9638 150345.6234 3.7325 
3247 1 44 232.0000 2165.8182 107.6221 288.0271 50.5689 59359.8832 2.1282 
3378 1 45 148.0000 2156.1967 86.6466 284.1850 12.6550 38942.8381 6.8468 
3386 1 46 371.0000 2302.9942 154.8012 327.0243 21.8302 41956.6577 7.0911 
3395 1 47 397.0000 2202.9174 140.9012 325.2181 19.0757 50547.2366 7.3864 
3531 1 48 377.0000 2214.2332 172.3196 324.5305 253.9706 21568.0659 0.6785 
3578 1 49 106.0000 2057.2922 78.5837 268.9068 26.4860 49077.2048 2.9670 
3635 1 50 299.0000 2259.2430 122.6518 309.3194 16.7894 34802.9712 7.3053 
3662 1 51 231.0000 2123.4742 110.7589 301.1183 85.6951 227324.8615 1.2925 
3671 1 52 181.0000 2182.5617 91.2303 275.6668 16.4161 45341.7539 5.5574 
3679 1 53 271.0000 2156.8965 130.9578 313.0913 46.7550 42414.7301 2.8009 
3711 2 28 10889.0000 7365.6085 5343.3055 378.4625 22.2681 7414.3988 239.9530 
3754 1 54 266.0000 2162.2906 172.8122 321.7114 17.8277 34236.7700 9.6935 
3769 1 55 228.0000 2173.9368 95.7967 273.6574 66.4319 261720.5683 1.4420 
3864 1 56 200.0000 2114.3361 114.5473 306.2296 16.2351 70233.0108 7.0555 
3882 2 29 3180.0000 3578.4066 1565.6144 366.6598 20.1145 10416.0328 77.8349 
3919 1 57 171.0000 2124.6151 81.8313 273.9261 25.7695 170848.5315 3.1755 
3930 1 58 463.0000 2263.3630 222.6104 350.5137 92.9953 49877.4804 2.3938 
3966 2 30 3344.0000 3704.1858 1644.4076 366.1359 19.8104 10777.8776 83.0074 
4029 2 31 8270.0000 5234.0990 3198.6732 372.7027 19.8183 8521.2156 161.4002 
4046 2 32 13408.0000 8619.3762 6565.5169 375.9028 19.3607 7391.3320 339.1150 
4184 2 33 4015.0000 4386.2336 1947.1688 367.2716 20.5336 9242.0347 94.8284 
4203 1 59 136.0000 2085.2825 72.7161 253.3484 6.5561 62877.5707 11.0914 
4209 1 60 268.0000 2139.4059 130.4928 304.5392 22.9832 100403.5157 5.6778 
4241 1 61 284.0000 2171.3519 140.8173 311.8238 56.9482 28843.2622 2.4727 
4482 1 62 212.0000 2139.3661 149.7027 307.6429 289.9288 6758.5383 0.5163 
4522 1 63 235.0000 2126.5225 114.4183 304.1210 24.1897 42369.1667 4.7300 
4553 1 64 0.0000 2073.0837 109.8936 167.0524 271.6332 60136.5815 0.4046 
4690 2 34 5031.0000 4573.6663 2464.4371 368.3784 19.8485 8897.2657 124.1627 
4708 1 65 202.0000 2172.3180 101.9350 285.0429 41.2280 56375.9854 2.4725 
4736 2 35 3929.0000 4000.0354 1906.8763 368.3075 20.0043 9567.0653 95.3231 
4760 2 36 2510.0000 3193.5558 1227.8620 361.8109 18.9785 11714.5961 64.6976 
4874 2 37 1637.0000 2905.7587 785.2850 355.4607 19.6900 15576.9229 39.8825 
4919 2 38 3259.0000 3686.1774 1605.2047 365.0122 20.2656 9784.9797 79.2085 
4980 2 39 3242.0000 3379.8633 1217.0102 360.7502 19.8383 12634.4253 61.3464 
5010 2 40 5502.0000 4726.4858 2690.9427 373.1507 20.4817 9110.3878 131.3831 
5076 1 66 162.0000 2120.2952 107.8494 298.9706 19.4473 46708.7843 5.5457 
5089 1 67 422.0000 2433.2214 144.9831 279.9274 101.3076 20558.7680 1.4311 
5118 1 68 286.0000 2188.7218 116.2579 293.6756 50.9125 43772.8460 2.2835 
5222 1 69 0.0000 2247.5825 229.2725 161.9928 344.7509 14013.4190 0.6650 
5235 1 70 389.0000 2341.1885 124.1450 272.6838 98.9028 33552.6394 1.2552 
5268 1 71 206.0000 2141.3747 86.6838 278.2045 30.6392 88876.4392 2.8292 
5309 1 72 161.0000 2128.1299 78.9479 261.5422 31.9863 102900.0391 2.4682 
5326 2 41 5868.0000 4956.0982 2886.5547 369.4772 19.4418 8275.9274 148.4716 
5370 1 73 121.0000 2150.9846 71.7905 238.0603 36.3341 84855.8752 1.9758 
5382 1 74 0.0000 2247.7471 130.5534 308.7559 24.6699 168540.9784 5.2920 
5469 2 42 4885.0000 4501.3455 2396.7361 370.6469 20.6535 9299.7397 116.0449 
5493 1 75 299.0000 2268.7464 133.3051 310.3308 19.3545 41999.3130 6.8876 
5495 1 76 224.0000 2193.6715 114.8664 302.0209 18.2401 54498.5579 6.2975 
5496 1 77 145.0000 2085.7240 82.8782 255.9416 49.2140 77488.6525 1.6840 
5537 2 43 8717.0000 4354.4522 2275.9245 367.2435 19.6863 9030.2538 115.6095 
5544 1 78 340.0000 2218.1579 168.8290 316.5192 24.1818 79132.4156 6.9816 
5610 2 44 3296.0000 3671.0978 1607.5036 366.2659 20.3790 10614.8839 78.8803 
5645 1 79 303.0000 2210.8563 139.7030 318.2850 21.9659 49365.0876 6.3600 
5730 2 45 7999.0000 4090.6929 2059.6001 368.1601 20.6698 9277.1958 99.6427 
5752 1 80 444.0000 2278.1618 207.2221 327.6684 32.4162 34892.4327 6.3926 
5777 1 81 182.0000 2196.3275 93.1487 282.3077 32.6568 43039.5067 2.8523 
5955 1 82 378.0000 2215.3390 192.5443 327.6930 25.4035 83631.0925 7.5794 
5980 1 83 330.0000 2236.7785 141.1640 312.0030 36.8221 47185.9278 3.8337 
6108 1 84 180.0000 2156.3088 93.5551 281.2582 43.1217 45938.7245 2.1696 
6133 1 85 260.0000 2227.5019 85.9578 255.6296 46.9367 224085.2430 1.8314 
6309 2 46 2117.0000 3119.5037 1053.2509 362.1090 19.7758 12488.4087 53.2596 
6322 1 86 0.0000 2157.9525 96.0361 256.9303 84.7740 53670.1451 1.1328 
6439 1 87 108.0000 2089.6137 66.8813 257.0095 14.2453 101425.5860 4.6950 
6440 2 47 2985.0000 3562.9508 1472.4588 364.3041 20.5749 10524.0279 71.5657 
6448 1 88 334.0000 2212.1009 159.8271 340.2349 150.1326 239406.5889 1.0646 
6492 1 89 231.0000 2173.7490 113.5187 297.6708 32.5848 48343.9101 3.4838 
6566 1 90 183.0000 2188.2401 87.9798 262.3434 54.0845 39508.4902 1.6267 
6582 2 48 8468.0000 6180.2306 4151.2010 375.5731 21.0336 8030.9951 197.3609 
6614 1 91 205.0000 2101.4383 94.8700 251.9369 81.7677 46390.3127 1.1602 
6643 2 49 5743.0000 4864.8756 2826.7726 371.5346 19.9880 8465.6953 141.4238 
6796 1 92 159.0000 2153.2460 82.0295 281.6947 33.3957 168937.9842 2.4563 
6829 2 50 9160.0000 6569.1397 4463.0725 376.0498 20.5822 7788.6477 216.8416 
7005 1 93 393.0000 2206.7396 194.4302 374.0189 240.2252 13518.2804 0.8094 
7118 1 94 147.0000 2147.3463 67.8988 264.8926 13.7727 220964.8805 4.9300 
7121 2 51 5899.0000 4921.0833 2913.9888 370.5471 20.5033 8340.4590 142.1233 
7135 2 52 3499.0000 3693.6275 1729.9479 368.0447 20.4442 9684.2300 84.6181 
7178 1 95 412.0000 2219.2282 214.0673 330.5674 20.9547 40342.7408 10.2157 
7234 1 96 243.0000 2081.2670 105.7937 293.3797 14.6382 74772.7200 7.2272 
7369 1 97 170.0000 2132.3659 99.2794 286.6988 28.9159 51134.8729 3.4334 
7383 1 98 244.0000 2152.3963 136.9147 313.0162 21.9405 43632.4803 6.2403 
7414 1 99 257.0000 2158.5018 117.2595 255.1084 105.1958 63830.6778 1.1147 
7464 1 100 244.0000 2212.1941 115.0057 301.6875 15.8590 83533.0222 7.2518 
7479 2 53 6064.0000 5020.4607 2968.9603 373.6690 21.9900 8548.1748 135.0140 
7502 1 101 401.0000 2219.3534 201.8575 326.7587 21.7110 44876.9748 9.2975 
7602 1 102 181.0000 2171.8095 87.9988 240.1649 79.1687 45888.0581 1.1115 
7635 2 54 3047.0000 3563.2168 1504.5663 365.1988 19.7098 11291.6527 76.3359 
7682 1 103 160.0000 2149.9305 79.9080 270.7864 19.3544 351781.2645 4.1287 
7969 2 55 5006.0000 3113.2148 1140.2611 362.5669 20.1500 11575.4509 56.5886 
7987 1 104 270.0000 2163.7500 122.1430 307.9261 52.0386 155281.0264 2.3472 
7989 1 105 280.0000 2148.4194 140.1763 310.9010 25.7098 164236.3599 5.4522 
8017 2 56 8741.0000 6318.3914 4285.9244 374.2232 20.1717 7848.3204 212.4721 
8140 1 106 262.0000 2173.7108 138.4572 313.5710 15.4441 47523.2960 8.9650 
8193 1 107 238.0000 2221.1543 118.9139 297.1545 36.1352 303072.6042 3.2908 
8310 2 57 4593.0000 4367.5467 2263.5308 368.7601 19.9862 9033.7741 113.2546 
8315 1 108 361.0000 2147.0218 201.0166 372.9458 230.7678 176753.6872 0.8711 
8400 1 109 230.0000 2201.8321 103.6496 293.1847 54.6508 221364.3145 1.8966 
8428 2 58 1537.0000 2748.4133 744.7878 356.7947 20.4697 16186.9872 36.3849 
8595 1 110 208.0000 2099.7979 77.8133 262.3640 26.5011 239306.1568 2.9362 
8635 1 111 203.0000 2203.3531 101.2433 294.2985 31.6112 199943.8774 3.2028 
8693 1 112 293.0000 2206.6030 137.4847 308.6956 50.6791 59157.2164 2.7128 
8712 1 113 340.0000 2262.4833 163.4507 327.2084 43.4019 25351.8660 3.7660 
8728 1 114 165.0000 2162.9362 87.0341 285.8703 28.9637 58105.1835 3.0049 
8759 2 59 5340.0000 4675.2421 2587.0539 372.2316 21.0294 8732.7331 123.0208 
8866 2 60 1643.0000 2829.0730 811.3519 358.9173 20.0429 15784.8104 40.4809 
8905 2 61 9350.0000 6625.2883 4566.8763 375.2327 20.2308 7742.9509 225.7390 
8923 1 115 337.0000 2187.6061 134.0532 312.5391 20.7284 59365.1686 6.4671 
8960 1 116 489.0000 2156.9422 226.0338 331.8984 19.8096 37709.1044 11.4103 
9011 2 62 2381.0000 3243.8962 1170.1363 361.8684 20.0211 11696.2884 58.4451 
9042 2 63 1640.0000 2858.6057 815.9818 357.2147 20.2268 15422.8655 40.3416 
9080 2 64 3670.0000 3793.4348 1790.6586 365.4933 20.3272 10457.2877 88.0918 
9152 2 65 3874.0000 3991.7324 1875.6031 365.4304 18.1281 10122.0189 103.4640 
9177 2 66 3477.0000 3788.9684 1712.5890 366.7068 20.5031 10484.5449 83.5284 
9224 2 67 5172.0000 3593.8352 1480.3408 363.7827 20.1357 10645.2941 73.5181 
9270 1 117 437.0000 2262.7699 232.3242 343.4349 294.4807 7644.3549 0.7889 
9273 1 118 0.0000 2255.4221 122.3916 299.1175 27.3255 62306.0541 4.4790 
9284 1 119 297.0000 2128.5133 125.9277 285.6608 89.4253 63493.4152 1.4082 
9286 2 68 7083.0000 5479.2506 3477.6386 371.7108 19.8315 8148.9182 175.3598 
9290 2 69 14564.0000 9178.7608 7147.1641 377.9274 20.0218 7237.2135 356.9696 
9333 1 120 248.0000 2112.0009 142.3444 313.3342 30.0534 30352.5102 4.7364 
9406 1 121 91.0000 2090.3516 73.8760 237.6409 24.4657 56675.9354 3.0196 
9420 2 70 13835.0000 8845.4166 6798.7296 378.0081 21.3083 7344.2539 319.0652 
9462 1 122 0.0000 2033.7126 76.8607 243.1963 46.8918 120175.2678 1.6391 
9588 1 123 280.0000 2187.8915 134.5136 307.4543 13.4076 67299.6377 10.0326 
9682 2 71 4418.0000 3170.0126 1124.0992 360.9766 20.3532 12727.0548 55.2297 
9718 1 124 246.0000 2135.6467 131.4335 309.8234 20.4756 33079.2984 6.4190 
9732 2 72 4294.0000 4137.6962 2102.8152 368.6910 19.7278 9500.2619 106.5916 
9925 2 73 5840.0000 4967.5770 2880.7637 370.2088 20.2179 8322.5591 142.4858 
9976 1 125 301.0000 2199.8017 159.5915 314.3057 21.7321 44649.7280 7.3436 
9990 1 126 449.0000 2342.4476 126.9122 290.5634 67.9701 29888.4583 1.8672 
10031 1 127 148.0000 2174.3539 94.8027 290.6639 25.6999 62566.2519 3.6888 
10040 2 74 2832.0000 3461.3992 1438.8994 364.8857 19.7136 10976.4777 72.9902 
10153 1 128 218.0000 2162.0198 113.0145 296.6330 58.0291 127000.9372 1.9475 
10157 1 129 188.0000 2174.8005 91.9655 287.2151 24.6355 132338.4959 3.7331 
10176 2 75 2829.0000 3479.2154 1392.1160 364.7096 19.7079 11387.3468 70.6374 
10215 1 130 296.0000 2230.4795 74.6678 258.9963 29.2757 190790.8335 2.5505 
10256 2 76 7234.0000 3989.2235 1906.7982 367.9748 19.3758 9935.2136 98.4112 
10282 1 131 0.0000 2433.2823 300.9000 345.7428 48.5936 23267.8238 6.1922 
10302 2 77 4397.0000 4215.9530 2148.3416 367.5486 19.9495 9494.2272 107.6889 
10449 2 78 8064.0000 6011.9808 3937.8217 374.0738 20.7474 8079.7963 189.7979 
10456 2 79 3552.0000 3785.3905 1732.5604 367.1323 20.0621 11004.0455 86.3601 
10564 1 132 178.0000 2151.4341 85.9244 267.1060 13.8695 97618.9744 6.1952 
10641 1 133 172.0000 2120.4055 87.2176 285.9460 16.2772 93937.2234 5.3583 
10664 2 80 7139.0000 5652.5623 3494.3943 372.0390 20.4258 8217.2351 171.0776 
10702 2 81 2204.0000 3104.9728 1085.0400 361.4298 19.9841 13269.0295 54.2953 
10756 2 82 8982.0000 6453.3192 4395.9060 375.3588 20.8278 7716.6601 211.0591 
10828 2 83 3473.0000 3793.9316 1680.7304 366.2527 20.1864 10379.2252 83.2604 
10925 1 134 414.0000 2299.9340 190.1064 326.0051 23.1271 23625.2387 8.2201 
10952 1 135 232.0000 2137.9673 106.9877 300.1561 10.6729 362651.7673 10.0242 
10971 1 136 309.0000 2209.3235 154.1137 317.8972 16.8015 50506.6587 9.1726 
11061 1 137 217.0000 2216.9912 88.8752 286.6590 25.6221 46220.0409 3.4687 
11071 2 84 7422.0000 5674.8973 3635.7461 372.7511 19.5293 8338.7589 186.1687 
11097 1 138 166.0000 2147.4609 83.0803 278.8905 25.0672 51002.3175 3.3143 
11115 1 139 168.0000 2133.8683 75.6351 239.6410 41.1427 116410.3674 1.8384 
11131 2 85 6813.0000 4093.0716 2023.5820 367.7759 19.5887 9319.5503 103.3034 
11147 2 86 8689.0000 6285.6562 4267.3620 375.0158 20.1015 7884.2698 212.2905 
11152 1 140 435.0000 2295.5872 155.5682 289.3482 146.7316 36994.3791 1.0602 
11218 1 141 187.0000 2123.5362 96.3881 294.5923 29.5910 96989.5011 3.2573 
11236 2 87 6051.0000 5067.9538 2934.4069 374.8500 20.3467 8586.0585 144.2205 
11462 1 142 243.0000 2129.6434 94.9496 284.6982 20.5990 131407.0207 4.6094 
11536 2 88 2801.0000 3411.9839 1349.9771 363.7182 20.1606 11293.1425 66.9612 
11556 2 89 1918.0000 2940.7550 955.4158 359.4519 19.5929 12499.5198 48.7634 
11669 2 90 5134.0000 4564.5747 2527.1114 368.4374 18.8600 8766.5315 133.9929 
11673 2 91 5691.0000 4761.1657 2808.0925 372.5452 21.0764 8331.3468 133.2341 
11678 1 143 282.0000 2154.3287 122.6529 294.9561 100.7572 66164.5749 1.2173 
11693 1 144 0.0000 2125.9241 125.4481 258.0934 120.7246 27736.7846 1.0391 
11698 1 145 455.0000 2211.3088 226.4010 332.9270 20.3715 30516.2296 11.1136 
11740 2 92 2772.0000 3381.8058 1324.5142 367.6231 27.5094 10697.1583 48.1477 
11760 1 146 345.0000 2168.4642 145.0286 313.3129 24.1075 69221.0053 6.0159 
11813 2 93 4782.0000 4369.5361 2330.3043 369.5465 19.9888 9383.0887 116.5808 
11824 2 94 3644.0000 3799.4149 1760.9771 365.6623 19.6669 10368.9046 89.5402 
11856 1 147 165.0000 2181.8960 100.4887 292.5769 43.4608 46223.1161 2.3122 
11884 2 95 8879.0000 6455.6460 4343.1180 376.4343 20.5193 7835.3538 211.6603 
12125 1 148 219.0000 2165.1448 121.1333 289.3309 180.7640 45271.1366 0.6701 
12190 1 149 254.0000 2219.8006 115.0627 292.5147 84.9927 119961.1986 1.3538 
12283 1 150 378.0000 2288.4599 140.7642 315.6934 19.4670 41157.0306 7.2309 
12285 2 96 5266.0000 4742.8631 2481.2047 371.5902 20.3737 8757.2883 121.7849 
12355 1 151 351.0000 2269.7374 197.4755 334.0703 73.2310 40740.7482 2.6966 
12413 2 97 5891.0000 4867.8490 2889.3726 371.5566 20.3049 8482.0939 142.2990 
12514 2 98 7135.0000 5548.5441 3500.9427 371.3209 20.1051 8241.2261 174.1321 
12550 1 152 89.0000 2089.6332 78.8018 264.7379 25.8209 102537.2414 3.0519 
12588 1 153 383.0000 2255.2111 191.6683 289.9527 257.7740 14493.1940 0.7436 
12679 1 154 160.0000 2095.2245 86.0559 279.3974 39.5544 52681.4381 2.1756 
12683 1 155 231.0000 2134.8326 147.1663 211.5466 272.9686 36556.3968 0.5391 
12692 2 99 10921.0000 7403.4310 5353.3677 383.7466 27.7592 7368.0511 192.8501 
12777 1 156 412.0000 2306.8110 141.9710 280.7671 129.6886 38043.4313 1.0947 
12914 1 157 185.0000 2185.5850 92.2147 286.9053 20.4156 61148.4708 4.5169 
12937 1 158 329.0000 2243.5292 130.5678 289.4026 115.5445 67738.5600 1.1300 
12964 1 159 111.0000 2101.9097 72.4152 241.1666 41.1633 88963.9746 1.7592 
12995 1 160 305.0000 2214.8135 154.8064 318.2127 23.9056 46768.8827 6.4757 
13022 1 161 380.0000 2200.9750 146.5020 316.0324 21.2805 54714.6295 6.8843 
13065 1 162 194.0000 2218.3469 92.5044 284.6148 23.4721 40992.0568 3.9410 
13185 2 100 8180.0000 4611.9527 2602.3755 369.2597 19.7055 9121.4821 132.0632 
13248 2 101 6985.0000 5455.1203 3432.2224 375.9717 22.4814 8376.6281 152.6692 
13291 2 102 5052.0000 3370.7415 1281.6846 364.0252 21.6454 12509.3268 59.2127 
13334 1 163 220.0000 2006.7261 152.9213 93.3895 352.5591 18707.9338 0.4337 
13353 1 164 243.0000 2171.3771 115.9455 306.5362 24.0680 45225.6159 4.8174 
13392 1 165 253.0000 2216.2446 103.0538 269.8846 77.9475 43324.1897 1.3221 
13398 2 103 9506.0000 6783.7787 4672.8916 376.8734 20.0127 7651.2059 233.4960 
13414 1 166 69.0000 2060.8523 65.3956 262.6602 8.9377 171994.3708 7.3169 
24885 1 167 190.0000 2120.3014 95.3539 290.0128 9.3089 138670.6570 10.2433 
29594 1 168 261.0000 2249.6642 130.0139 314.3835 9.2113 38518.2599 14.1146 
33086 1 169 99.0000 2157.5649 72.8319 268.7679 13.3665 81288.1107 5.4488 
37168 1 170 172.0000 2276.8496 101.5674 293.2053 12.5962 99874.2693 8.0633 
39551 1 171 480.0000 2279.2970 208.7046 326.9582 10.7432 74155.7366 19.4267 
49135 1 172 0.0000 2118.9813 71.3457 264.1718 2.8890 467408.6230 24.6953 
68931 1 173 484.0000 961.2638 92.3309 216.2337 86.6351 12634.7694 1.0657 
68939 2 104 8207.0000 2711.8795 1870.1768 367.4275 19.9751 7711.6404 93.6253 
68965 2 105 10733.0000 6579.4802 5247.2264 376.8781 20.3110 7145.4820 258.3443 
68978 1 174 258.0000 1357.9719 115.5815 311.6654 9.6417 37292.5453 11.9877 
69047 1 175 474.0000 1937.4946 233.3111 332.4240 27.5284 61290.5586 8.4753 
69144 2 106 2588.0000 3195.5478 1264.5423 364.6420 21.7362 11036.2979 58.1768 
69186 2 107 2586.0000 3167.7264 1264.0785 364.5442 23.8582 10891.8950 52.9830 
69188 2 108 2609.0000 3267.2059 1301.9248 363.5774 20.0417 11066.2676 64.9607 
69191 1 176 325.0000 3152.3359 154.4435 321.5339 49.4967 13814.7960 3.1203 
69233 1 177 400.0000 2181.3899 195.0430 360.1403 126.0039 27161.9421 1.5479 
69339 1 178 228.0000 2126.7271 116.5684 299.5233 30.1442 55500.1218 3.8670 
69353 1 179 316.0000 2192.1851 122.8470 258.0412 131.7293 129563.6576 0.9326 
69385 1 180 147.0000 2113.0647 65.0993 259.8842 12.9454 101268.1771 5.0288 
69403 1 181 240.0000 2162.5217 104.4089 285.6653 52.4416 122858.2193 1.9910 
69488 2 109 3979.0000 4011.8685 1957.7535 366.4725 19.6084 9620.2114 99.8424 
69524 2 110 1571.0000 2728.1659 754.8121 357.7737 20.3234 16661.2007 37.1400 
69543 2 111 5212.0000 3353.9064 1265.3328 363.9660 20.1109 12955.0666 62.9178 
69606 2 112 1838.0000 2917.8874 909.2694 357.6607 19.4983 12742.6345 46.6334 
69626 1 182 181.0000 2133.5655 89.8288 284.3694 41.1607 255817.6763 2.1824 
69743 2 113 6444.0000 5251.5747 3160.3388 372.3881 20.2107 8258.6824 156.3696 
69763 1 183 60.0000 2203.2297 67.4324 241.1003 22.6992 40341.7485 2.9707 
69767 1 184 171.0000 2145.0229 81.0592 270.0908 29.5269 38843.6368 2.7453 
69844 1 185 140.0000 2173.0704 85.9459 272.2390 33.1295 39761.2111 2.5942 
69849 1 186 349.0000 2296.9131 151.2630 310.4491 43.1786 40201.2712 3.5032 
69856 1 187 460.0000 2216.1542 220.1406 332.0816 17.0801 32486.2776 12.8887 
69866 1 188 234.0000 2239.9030 96.2243 225.4907 94.9839 36962.2612 1.0131 
69871 1 189 0.0000 2413.8287 302.0340 410.6085 289.9564 228961.5024 1.0417 
69886 2 114 4571.0000 3367.5740 1326.3734 362.9636 20.0522 10962.7261 66.1461 
69911 1 190 461.0000 2312.0751 216.3949 340.6740 61.8825 28647.1516 3.4969 
70013 1 191 370.0000 2249.9909 191.1986 318.2207 340.6272 7458.8216 0.5613 
70079 2 115 4633.0000 4215.7679 2274.0376 369.1093 20.7026 9377.5989 109.8431 
70097 1 192 174.0000 2070.6428 85.7437 270.3289 21.7005 47806.6653 3.9512 
70110 1 193 185.0000 2062.0771 76.3825 262.8576 29.3634 73726.4458 2.6013 
70153 2 116 7886.0000 5874.1744 3864.3107 374.1860 21.4461 8051.5023 180.1875 
70197 1 194 333.0000 2194.4802 181.1021 326.0644 27.7201 34509.6230 6.5333 
70303 2 117 5899.0000 4906.7559 2895.0673 373.1654 21.3678 8691.0046 135.4875 
70332 1 195 211.0000 2106.8181 102.3870 288.8013 30.8495 371942.4482 3.3189 
70360 1 196 243.0000 2148.6137 114.3384 302.8701 24.3924 74142.7406 4.6875 
70421 2 118 1641.0000 2824.7990 813.9345 355.6188 18.3259 15728.0959 44.4144 
70426 2 119 15494.0000 9617.8970 7562.3872 378.3381 19.2455 7300.3768 392.9425 
70458 2 120 13563.0000 4954.7408 2979.4856 371.1112 20.5018 8061.3776 145.3282 
70473 2 121 4918.0000 4390.9748 2361.3103 370.1832 20.4228 9383.9834 115.6214 
70481 1 197 348.0000 2165.8195 141.8193 305.6538 133.2978 159170.4550 1.0639 
70558 1 198 170.0000 2141.7558 91.4103 280.6175 12.5025 45511.6099 7.3114 
70580 1 199 270.0000 2125.3963 149.4956 307.6904 28.4545 38002.3876 5.2538 
70723 1 200 218.0000 2091.1370 95.6349 278.3767 19.1068 60940.5394 5.0053 
70799 1 201 398.0000 2206.2302 192.0883 322.8625 20.8735 31220.9263 9.2025 
70801 2 122 4398.0000 4206.0703 2173.3209 368.7978 19.6567 8996.1273 110.5637 
70855 1 202 354.0000 2152.6903 168.1653 320.8727 10.4270 136424.1831 16.1279 
70894 2 123 5945.0000 3912.3819 1854.9215 366.4928 19.9516 9755.5779 92.9709 
70961 2 124 6780.0000 5360.8667 3324.8034 372.2066 19.9641 8295.8446 166.5395 
70985 2 125 8160.0000 6055.8961 4016.0558 373.6447 20.2865 7667.0364 197.9673 
71056 1 203 213.0000 2130.7578 116.2396 304.5231 18.5580 49058.7460 6.2636 
71068 1 204 213.0000 2144.4776 74.2281 235.7037 43.1543 297344.4004 1.7201 
71071 1 205 318.0000 2169.3938 138.0794 306.9914 33.4575 73313.2862 4.1270 
71118 1 206 335.0000 2142.8689 198.0217 296.4653 337.4824 3453.2949 0.5868 
71143 2 126 13536.0000 8625.6478 6631.1445 376.4013 21.0126 7422.2112 315.5801 
71203 1 207 483.0000 2250.0648 229.9339 331.5406 15.0972 38653.4553 15.2303 
71282 1 208 295.0000 2224.1398 104.7856 279.3532 72.1426 299371.8625 1.4525 
71336 1 209 483.0000 2267.2196 217.0669 331.2336 23.2375 34260.2424 9.3412 
71378 1 210 133.0000 2098.3527 70.8117 251.8453 21.3613 121333.8041 3.3149 
71423 1 211 177.0000 2183.7497 100.5264 298.5988 15.4452 48092.5232 6.5086 
71448 1 212 452.0000 2307.5833 163.0045 317.4901 29.5424 80624.6963 5.5176 
71478 2 127 1743.0000 2902.2455 818.1335 357.2231 19.7344 14549.5141 41.4573 
71514 1 213 257.0000 2131.3153 125.6785 304.0928 48.4397 46325.2350 2.5945 
71624 1 214 0.0000 2148.4988 164.8696 140.4147 370.5701 403223.9395 0.4449 
71679 1 215 187.0000 2206.4738 80.9733 277.5533 34.5944 69908.2088 2.3406 
71731 2 128 20692.0000 7328.3374 5222.6628 378.4521 22.6414 7433.7249 230.6690 
71735 1 216 208.0000 2209.5692 103.9474 288.2977 57.5635 49354.4213 1.8058 
71737 2 129 3248.0000 3647.8348 1595.2050 366.1806 20.9542 10719.0653 76.1282 
71742 1 217 207.0000 2182.0993 101.3901 294.4133 21.3111 60470.5112 4.7576 
71774 1 218 330.0000 2172.6498 139.3700 315.8133 46.6015 31937.2605 2.9907 
71832 1 219 167.0000 2153.9246 77.7465 272.4313 30.5828 183108.7090 2.5422 
71864 1 220 249.0000 2190.2496 82.0149 269.8765 37.3111 177700.1675 2.1981 
71866 1 221 95.0000 2082.4570 112.1023 190.2295 247.1354 25229.7921 0.4536 
71904 2 130 3427.0000 3709.6030 1700.5822 365.1701 20.1203 9675.9303 84.5208 
72165 1 222 414.0000 2215.2300 189.5931 362.0715 156.0848 25018.9513 1.2147 
72296 2 131 8803.0000 6386.2406 4314.2111 376.8748 21.6044 7874.3418 199.6914 
72315 1 223 252.0000 2182.4684 108.8929 299.2302 40.1246 49337.1029 2.7139 
72349 1 224 148.0000 2184.6486 76.3218 250.9049 43.2974 42863.0567 1.7627 
72394 1 225 227.0000 2159.6602 119.5865 216.7736 132.3584 58500.2545 0.9035 
72410 1 226 377.0000 2312.0808 105.0865 287.2093 59.8494 48518.0620 1.7558 
72434 2 132 5427.0000 4724.8317 2646.5089 371.2991 19.9719 8726.1482 132.5117 
72531 2 133 11897.0000 7887.9333 5867.6316 378.8795 22.1013 7445.3720 265.4876 
72552 1 227 362.0000 2252.9831 161.4580 239.2224 193.5858 49519.3318 0.8340 
72558 2 134 12479.0000 8114.9821 6133.9382 381.6801 23.5853 7314.6677 260.0751 
72783 1 228 139.0000 2039.1535 157.7162 31.1836 337.6619 27065.2629 0.4671 
72794 2 135 3695.0000 3875.9704 1800.0735 367.5592 19.3440 10724.5328 93.0560 
72796 1 229 154.0000 2156.7943 78.9150 263.7748 24.4642 60087.3536 3.2257 
72807 2 136 3381.0000 3701.7345 1645.9718 365.2540 19.5948 10751.4127 84.0003 
72833 2 137 4002.0000 4075.6556 1950.0267 367.2823 20.4416 9991.1705 95.3951 
72952 1 230 168.0000 2212.4224 124.9855 302.7051 44.3547 53092.6816 2.8179 
72978 2 138 3022.0000 3595.5383 1493.2618 363.6500 18.0492 10862.8250 82.7328 
72995 1 231 262.0000 2195.5491 120.1174 303.9900 13.0794 99664.1638 9.1837 
73021 1 232 128.0000 2017.3083 171.2498 53.7448 277.4039 36814.0276 0.6173 
73026 1 233 460.0000 2458.9905 121.1372 297.6915 38.9038 28214.1566 3.1138 
73082 2 139 5122.0000 4640.6065 2533.3192 370.7867 19.5690 8901.9691 129.4556 
73146 2 140 3686.0000 3771.2931 1805.7979 365.4334 20.2404 10039.3003 89.2176 
73166 2 141 7621.0000 5784.5551 3721.5956 373.8171 20.6559 8234.7464 180.1715 
73303 2 142 8948.0000 6406.3579 4399.9540 374.5840 19.8222 7706.1341 221.9716 
73379 2 143 5360.0000 4637.4897 2615.9878 371.0983 20.7040 8960.2486 126.3519 
73392 2 144 8609.0000 6244.0551 4209.5054 376.3065 21.4714 7987.7153 196.0520 
73427 1 234 152.0000 2079.8534 69.7382 265.2494 23.0281 67701.0412 3.0284 
73430 2 145 2996.0000 3551.9711 1467.5047 363.5603 19.6786 10401.7131 74.5735 
73557 2 146 5452.0000 4691.6674 2688.6318 370.0530 20.8908 8509.8757 128.6992 
73610 1 235 231.0000 2159.1004 107.3361 290.1734 19.6697 263882.7228 5.4569 
73621 1 236 212.0000 2180.6538 96.6695 284.0952 34.7288 40446.6606 2.7836 
73746 1 237 488.0000 2296.3912 241.4949 335.5617 38.3488 35974.9307 6.2973 
73786 1 238 201.0000 2146.7783 83.1324 278.3283 11.2782 149668.8977 7.3710 
73791 2 147 1906.0000 3006.4793 928.0961 361.3679 19.6668 13137.0824 47.1910 
73907 2 148 8990.0000 6549.6808 4361.7998 373.1058 20.0245 7718.7683 217.8228 
74126 1 239 153.0000 2078.5817 72.6938 263.7383 23.2131 41906.4815 3.1316 
74269 1 240 318.0000 2203.9136 113.9061 301.4353 44.1220 92077.1595 2.5816 
74417 1 241 355.0000 2242.6063 182.0378 324.6156 19.4423 37978.0511 9.3630 
74463 2 149 1836.0000 2909.2127 908.6190 360.6389 20.6239 13918.4526 44.0565 
74474 1 242 114.0000 2186.4152 78.7138 276.2855 29.6885 45219.6941 2.6513 
74657 2 150 2863.0000 3556.1947 1385.4871 362.9204 20.1474 11162.6133 68.7676 
74752 1 243 175.0000 2141.2065 121.1919 184.2595 281.0935 21421.1669 0.4311 
74888 1 244 158.0000 2179.9887 85.4729 273.9554 28.7668 43767.0155 2.9712 
74924 1 245 120.0000 2110.4478 61.7558 251.8989 11.9558 104411.1897 5.1653 
74931 2 151 1754.0000 2915.6070 846.1394 358.8282 20.1707 15765.4857 41.9489 
75006 1 246 212.0000 2168.4673 108.9271 290.8919 34.5188 75815.4436 3.1556 
75028 1 247 320.0000 2185.4790 179.1550 324.6624 24.4239 40911.6765 7.3352 
75107 2 152 2374.0000 3167.1211 1188.9035 363.8388 21.0190 11979.4296 56.5633 
75112 2 153 5394.0000 4703.7581 2682.9961 371.2829 19.9400 8544.3339 134.5534 
75123 1 248 283.0000 2099.4634 117.8649 305.8201 32.6214 133565.9352 3.6131 
75200 1 249 239.0000 2095.8160 91.0227 286.8512 40.6727 105613.6141 2.2379 
75220 1 250 415.0000 2207.6311 155.2515 318.2577 14.0333 123307.4452 11.0631 
75260 2 154 3292.0000 3674.5396 1644.1521 365.3112 19.7798 9719.6280 83.1230 
75268 1 251 410.0000 2259.8755 235.7878 335.5055 28.7560 22462.3458 8.1996 
75280 2 155 2456.0000 3342.4587 1219.5457 363.2290 21.7900 11413.2825 55.9680 
75287 1 252 442.0000 2196.8486 184.8238 326.7427 47.8269 213075.2078 3.8644 
75328 2 156 9635.0000 6735.0953 4726.4451 374.8361 20.7056 7554.0331 228.2689 
75363 1 253 202.0000 2084.0343 82.9435 270.4253 32.3946 122469.5440 2.5604 
75371 2 157 1882.0000 2968.9229 949.3511 358.0248 19.6754 13193.0991 48.2506 
75452 1 254 209.0000 2128.1565 99.9000 253.4871 92.3491 79546.8751 1.0818 
75464 1 255 219.0000 2199.2090 96.0268 283.4574 26.5217 109250.0419 3.6207 
75485 1 256 194.0000 2133.6130 102.7815 298.3621 19.2638 42144.2423 5.3355 
75515 1 257 0.0000 2128.5817 69.6951 267.9795 27.2567 46617.9635 2.5570 
75545 1 258 249.0000 2212.5994 141.0201 315.9576 25.4749 54619.7704 5.5357 
75573 1 259 264.0000 2221.2449 139.4152 310.8617 29.2682 32907.2777 4.7634 
75646 1 260 159.0000 2196.8192 67.5553 245.4350 38.7668 74648.0072 1.7426 
75725 1 261 289.0000 2214.2131 123.1898 304.5798 19.4597 59730.6249 6.3305 
75747 1 262 403.0000 2304.2737 174.5240 326.1895 42.4953 73418.0211 4.1069 
75833 2 158 3981.0000 3909.7081 1936.4338 367.3492 21.0272 9962.4058 92.0919 
75888 2 159 3099.0000 3497.2219 1503.9643 364.8119 19.9795 10681.8430 75.2753 
75937 2 160 2665.0000 3403.3957 1323.1890 364.7958 20.5374 11284.3399 64.4283 
75946 1 263 387.0000 2379.1107 112.5431 266.5783 103.4337 26010.5504 1.0881 
75999 1 264 207.0000 2135.2878 104.8717 300.8326 9.7764 117291.6446 10.7270 
76037 1 265 225.0000 2148.3651 95.2311 293.1755 31.7447 70993.7127 2.9999 
76069 2 161 16013.0000 9879.2656 7827.1716 375.8853 17.8157 7351.5651 439.3422 
76167 2 162 2458.0000 3296.3708 1225.1215 362.0387 19.8197 11092.1405 61.8134 
76197 2 163 1742.0000 2869.4268 852.3201 361.6181 21.5419 13624.2105 39.5658 
76263 1 266 210.0000 2070.0446 84.1454 280.3374 22.9653 118074.2968 3.6640 
76531 1 267 309.0000 2158.3975 133.4387 310.3917 78.3107 142221.7078 1.7040 
76543 2 164 4755.0000 4451.6905 2320.9602 368.7051 19.7806 9127.7258 117.3355 
76599 2 165 7008.0000 5584.5867 3462.6456 372.2668 19.8768 8132.4929 174.2054 
76622 2 166 12260.0000 8104.3636 6023.9129 377.3578 20.3772 7393.8177 295.6205 
76651 1 268 156.0000 2090.0766 76.2837 253.1721 42.8045 181951.6127 1.7821 
76723 1 269 293.0000 2204.5990 179.2003 326.1389 29.4313 32941.5572 6.0888 
76733 1 270 181.0000 2137.6226 79.6997 252.4308 57.4851 73686.2784 1.3864 
76815 2 167 6114.0000 5130.6488 3050.0977 371.6802 20.0415 8689.3257 152.1889 
76889 1 271 431.0000 2247.0886 191.4881 347.4308 127.5315 43445.7963 1.5015 
76950 1 272 365.0000 2243.4523 168.2123 318.1452 54.6846 41241.4315 3.0760 
76954 2 168 11701.0000 7749.9666 5721.7589 379.9558 23.6870 7473.5376 241.5573 
77017 1 273 0.0000 2166.6623 72.9477 251.3147 8.0925 114615.0359 9.0142 
77104 2 169 6998.0000 5539.7308 3487.6291 372.4506 20.4595 8001.2458 170.4653 
77116 1 274 458.0000 2317.3780 231.6692 334.3974 22.7392 31522.1699 10.1881 
77135 1 275 427.0000 2189.4827 178.1728 321.3150 26.0754 57409.4073 6.8330 
77158 1 276 208.0000 2133.1785 127.4741 310.9812 22.4261 36573.8210 5.6842 
77195 1 277 348.0000 2247.4026 165.3638 323.7411 16.8397 39016.7903 9.8199 
77261 1 278 380.0000 2149.8764 107.8786 299.7240 13.0658 41713.5335 8.2565 
77314 1 279 0.0000 2387.7894 354.6329 450.6256 252.9435 145364.2866 1.4020 
77327 2 170 8242.0000 6190.3259 4082.8478 375.1428 20.6890 7854.0866 197.3435 
77431 1 280 129.0000 2143.4366 76.5495 250.4101 29.5446 92490.9304 2.5910 
77443 1 281 208.0000 2164.7950 119.6814 302.9648 22.8322 44871.8321 5.2418 
77478 1 282 0.0000 2150.9134 121.0598 298.4984 75.2816 123232.3645 1.6081 
77573 2 171 14400.0000 9152.9124 7059.3734 381.2379 22.3721 7315.2692 315.5440 
77601 2 172 2142.0000 3101.1222 1055.6204 360.7480 16.5546 12996.7018 63.7661 
77633 1 283 259.0000 2222.2378 147.7928 312.6790 22.5684 27246.2533 6.5487 
77716 2 173 1580.0000 2883.4176 769.2744 357.5013 20.3341 12988.4269 37.8317 
77740 1 284 119.0000 2199.5962 103.2260 295.7027 23.1291 51190.4015 4.4630 
77781 1 285 246.0000 2133.7899 99.0225 289.5113 49.4939 133572.8525 2.0007 
77876 2 174 2476.0000 3248.9202 1175.6461 361.9117 19.1464 12628.8037 61.4029 
77895 1 286 360.0000 2444.7603 106.9880 297.8896 29.8129 26767.5028 3.5886 
77903 1 287 390.0000 2182.7995 202.3067 330.5249 32.3333 32614.4125 6.2569 
77998 2 175 2438.0000 3229.5128 1184.6972 361.4357 18.0942 12161.6384 65.4738 
78030 2 176 13351.0000 8589.4929 6554.9057 377.1650 20.0989 7381.8325 326.1334 
78034 1 288 188.0000 2093.3233 85.8140 282.4279 12.5366 62659.5436 6.8451 
78060 2 177 2322.0000 3180.7667 1131.1012 361.1608 19.8541 12885.8333 56.9708 
78194 2 178 9547.0000 6791.9323 4716.9272 375.5682 21.4921 7581.9600 219.4724 
78349 2 179 2188.0000 2560.4510 494.0750 350.3906 18.6390 22575.7392 26.5076 
78372 1 289 143.0000 2177.3803 95.1414 285.0630 21.8482 51951.5648 4.3547 
78447 2 180 1985.0000 3048.5786 981.9371 360.9993 19.5313 13708.7734 50.2751 
78533 2 181 7205.0000 5610.8553 3549.1891 372.7102 19.7914 8369.6410 179.3296 
78550 1 290 197.0000 2158.3298 86.2505 280.2555 35.6228 284597.5817 2.4212 
78564 1 291 130.0000 2104.4790 65.1111 250.5018 18.9795 80645.6355 3.4306 
78576 2 182 3006.0000 3529.9586 1483.5289 363.6805 21.0520 10580.2888 70.4698 
78716 2 183 4877.0000 4612.4097 2430.6126 369.6534 20.0047 8763.5656 121.5020 
78790 1 292 289.0000 2130.9784 119.1125 278.7044 93.6714 55340.7151 1.2716 
78838 1 293 248.0000 2205.7010 127.0127 308.2765 17.5760 35176.8495 7.2265 
78871 2 184 4877.0000 3268.0231 1384.3286 364.5771 20.9620 10226.2020 66.0398 
79011 1 294 207.0000 2185.6679 90.1686 253.7157 75.3762 82540.1966 1.1962 
79012 1 295 199.0000 2217.8960 104.0385 293.3202 56.0902 66114.5439 1.8548 
79057 1 296 401.0000 2197.6356 145.2999 314.5847 21.4943 265869.0858 6.7599 
79127 1 297 395.0000 2360.4195 113.6309 266.2433 91.5739 34084.3519 1.2409 
79131 1 298 162.0000 2148.0543 81.6577 281.5396 22.5272 92659.2010 3.6249 
79184 1 299 320.0000 2182.6162 132.2617 306.8170 118.2993 58777.7294 1.1180 
79192 2 185 10531.0000 7219.5078 5166.4134 375.9114 20.4658 7641.9410 252.4409 
79268 2 186 2175.0000 3116.7875 1049.5305 363.2491 20.6290 11942.6642 50.8765 
79280 2 187 3614.0000 3888.9019 1757.6366 370.4341 20.7094 10304.3624 84.8714 
79345 1 300 315.0000 2182.0077 141.1644 309.7915 14.8352 120523.9660 9.5155 
79394 2 188 4774.0000 4413.9645 2327.8434 369.9689 19.6790 9550.9833 118.2907 
79437 2 189 8700.0000 6281.9217 4252.9740 375.2927 20.2697 7922.0290 209.8189 
79469 1 301 202.0000 2099.4131 106.4305 294.8412 29.8294 51883.1854 3.5680 
79473 1 302 281.0000 2184.4675 141.3621 278.4481 174.0225 29014.9885 0.8123 
79676 1 303 297.0000 2177.3883 160.0778 316.6961 42.2396 28507.5729 3.7898 
79788 2 190 2224.0000 3104.8040 1080.8332 361.7604 19.5036 12971.3398 55.4170 
79826 1 304 137.0000 2096.8419 84.7824 280.7597 33.7838 113590.5513 2.5096 
79864 2 191 6804.0000 5356.8231 3332.5566 364.5867 12.3624 8589.8186 269.5721 
79903 1 305 267.0000 2065.9726 106.9599 299.4600 16.2499 92347.4370 6.5822 
79973 1 306 154.0000 2087.4683 81.7060 275.2811 30.8333 78221.5513 2.6499 
79990 1 307 221.0000 2156.0209 93.0641 261.9896 74.6707 61656.4238 1.2463 
80092 2 192 8777.0000 6384.5716 4300.5775 373.7289 19.9567 7989.4323 215.4958 
80108 2 193 8173.0000 6016.0822 4001.3473 372.9786 20.0327 8001.1895 199.7406 
80124 2 194 1793.0000 2927.3794 885.4193 359.5720 20.0144 13539.9556 44.2391 
80233 1 308 304.0000 2151.4935 136.9589 310.2861 17.2881 48020.4546 7.9221 
80329 2 195 2148.0000 3147.0091 1057.5740 360.9873 19.6466 12140.3890 53.8298 
80368 1 309 132.0000 2101.1132 74.5717 271.8760 12.1261 85801.9124 6.1497 
80397 1 310 126.0000 2130.4576 66.7508 259.7700 25.0253 70639.6414 2.6673 
80440 1 311 277.0000 2265.5584 109.0096 287.0612 53.7193 51906.1594 2.0292 
80453 1 312 398.0000 2241.0234 199.7194 331.3087 26.4634 25349.6874 7.5470 
80524 1 313 189.0000 2132.5133 92.9945 282.9787 34.2846 54058.3039 2.7124 
80602 1 314 210.0000 2110.2343 77.2911 269.5251 23.2036 117636.7364 3.3310 
80662 2 196 2344.0000 3246.1249 1090.5764 361.5405 19.4800 13690.1480 55.9843 
80701 1 315 144.0000 2131.6533 80.2138 284.3284 22.1690 48577.8684 3.6183 
80752 1 316 268.0000 2195.0031 115.0211 279.7661 69.3300 54856.9224 1.6590 
80947 2 197 9646.0000 6777.8707 4742.8628 374.9373 20.2407 7719.0680 234.3227 
81035 2 198 1786.0000 3014.3151 867.6036 358.5524 21.6969 14148.8993 39.9875 
81067 1 317 276.0000 2223.1047 131.0177 302.4417 121.1239 147891.0723 1.0817 
81081 2 199 6090.0000 5053.9791 2982.6504 378.4947 20.9039 8435.1536 142.6839 
81120 1 318 240.0000 2196.0780 136.7993 307.5547 22.4729 75277.2650 6.0873 
81182 2 200 9421.0000 6721.0977 4632.8458 368.0630 14.0647 7866.0807 329.3952 
81228 1 319 443.0000 2493.6583 109.6057 282.9510 117.1595 38972.7438 0.9355 
81232 2 201 1563.0000 2750.9270 739.6973 359.9046 26.7514 15641.7828 27.6508 
81277 2 202 2571.0000 3340.5134 1268.6944 363.9258 20.2124 11281.5348 62.7682 
81318 2 203 7628.0000 5836.2222 3705.9005 374.9476 20.4452 8098.4258 181.2605 
81355 1 320 488.0000 2379.1456 250.5896 335.8006 27.1899 16891.9130 9.2163 
81411 2 204 9566.0000 6710.8486 4670.8268 375.6233 20.6071 7828.8960 226.6607 
81422 2 205 9177.0000 6482.4018 4548.5084 374.2684 19.9104 7416.7947 228.4494 
81542 1 321 164.0000 2130.8986 90.5404 283.9461 18.7742 48568.3360 4.8226 
81554 1 322 156.0000 2100.9546 71.9878 242.9453 45.7739 107488.0438 1.5727 
81569 2 206 4579.0000 4293.6742 2243.8655 368.8980 19.6053 9472.1261 114.4521 
81612 2 207 3709.0000 3845.0235 1848.7328 366.9251 19.9156 9259.5963 92.8283 
81682 1 323 434.0000 2183.3872 205.6408 327.1369 17.4002 95607.5667 11.8183 
81792 1 324 237.0000 2142.8862 98.4691 287.6109 14.9446 82751.0574 6.5889 
81816 2 208 4166.0000 4128.6121 2047.8693 367.7931 19.1723 10017.5247 106.8142 
81822 1 325 350.0000 2225.8390 166.1211 317.8207 22.8990 71850.4282 7.2545 
81854 1 326 274.0000 2190.7642 148.5314 311.5565 50.2178 36987.4633 2.9577 
81890 1 327 173.0000 2129.7113 88.7360 283.3058 33.0937 34394.2920 2.6814 
81997 2 209 1835.0000 2973.0022 891.3846 359.8934 22.3840 14423.5902 39.8223 
82095 1 328 246.0000 2150.3492 115.3161 308.3470 19.3283 156451.1715 5.9662 
82130 2 210 4975.0000 4514.1476 2445.4519 369.5177 20.0753 9342.9237 121.8138 
82212 1 329 184.0000 2147.3710 80.1604 269.4233 22.3466 109384.6591 3.5871 
82245 2 211 5496.0000 4731.3633 2670.9228 370.3308 19.5049 8942.2188 136.9362 
82292 1 330 155.0000 2111.5962 79.0640 273.4131 22.1675 288568.1539 3.5667 
82299 2 212 4933.0000 4422.5763 2434.0839 370.4552 20.1437 8508.0885 120.8357 
82376 2 213 6936.0000 5443.8460 3424.7897 371.6797 19.9183 8062.4270 171.9418 
82405 1 331 255.0000 2099.4324 108.8826 302.1322 16.4569 77982.1154 6.6162 
82410 1 332 312.0000 2170.2915 139.6826 316.5283 46.4857 41694.1387 3.0048 
82464 1 333 371.0000 2352.1893 147.2189 269.0328 221.7943 73534.4561 0.6638 
82496 2 214 15327.0000 9492.4606 7496.0771 376.0326 18.7515 7284.1984 399.7595 
82504 1 334 458.0000 2279.9943 188.0399 325.6238 41.8011 36489.8589 4.4984 
82625 1 335 334.0000 2177.2495 159.9690 319.3190 21.9685 33553.3859 7.2817 
82630 2 215 3543.0000 3776.2465 1734.0480 365.6350 19.6340 9922.3284 88.3187 
82637 1 336 247.0000 2201.0135 115.3199 302.9033 45.7336 29957.2758 2.5216 
82651 1 337 122.0000 2081.0083 69.6878 235.2204 31.4218 41929.2697 2.2178 
82686 2 216 4601.0000 4363.3567 2255.5298 368.1179 19.8614 8723.2221 113.5633 
82716 2 217 2424.0000 3256.2259 1205.8468 362.8876 20.5417 11252.5364 58.7025 
82745 2 218 2837.0000 3418.9907 1400.7098 363.3235 19.8063 10499.3769 70.7203 
82777 2 219 8467.0000 6205.0223 4149.6962 376.3384 22.1553 7890.3311 187.3004 
82808 1 338 299.0000 2199.2302 161.8971 318.3072 51.9256 70165.2723 3.1179 
82822 1 339 202.0000 2116.4070 85.0188 275.5220 41.4817 94805.3497 2.0495 
82842 1 340 203.0000 2089.4091 99.6861 288.9676 15.5064 311498.6999 6.4287 
82908 1 341 149.0000 2209.5301 96.7200 291.5544 10.3928 32041.4133 9.3065 
82932 2 220 7902.0000 5963.1786 3879.3367 374.8429 21.5603 7885.7006 179.9294 
83042 1 342 227.0000 2165.6515 115.3843 307.3840 30.0836 39425.8697 3.8355 
83060 1 343 388.0000 2217.0722 173.3267 318.2458 15.3015 77776.9128 11.3274 
83095 2 221 4619.0000 4413.5956 2257.7534 367.9227 20.0295 8721.7411 112.7211 
83194 1 344 416.0000 2270.7462 169.3388 320.4592 35.1317 60451.1848 4.8201 
83211 1 345 457.0000 2392.3334 152.0168 316.9485 34.4093 41138.3885 4.4179 
83212 2 222 6907.0000 5751.3616 3396.8612 372.8307 20.4996 8021.5868 165.7036 
83225 1 346 187.0000 2120.9583 92.6395 281.5619 37.0918 82075.9701 2.4976 
83284 1 347 252.0000 2148.5829 123.3880 301.5908 36.9517 73986.7469 3.3392 
83299 1 348 330.0000 2203.3476 143.5874 297.9986 100.7583 49133.9380 1.4251 
83374 1 349 277.0000 2182.3314 116.2938 298.9003 15.4892 181982.4700 7.5081 
83414 1 350 156.0000 2141.4056 102.0951 299.0446 19.1309 40577.0622 5.3367 
83494 1 351 311.0000 2236.3514 153.3000 317.5788 38.0397 38387.8542 4.0300 
83531 2 223 5258.0000 4603.8356 2575.5761 370.9540 19.8930 9015.8136 129.4713 
83672 2 224 1593.0000 2800.5829 786.7511 356.1060 20.0848 14861.1305 39.1715 
83705 1 352 277.0000 2230.9845 144.4657 318.8691 23.9099 34773.5630 6.0421 
83721 2 225 9090.0000 4123.0530 2063.2750 368.8037 21.0036 9914.9106 98.2345 
83803 2 226 5305.0000 4633.1978 2592.8672 370.4733 20.5783 8913.2353 126.0002 
84006 1 353 230.0000 2190.8675 118.5775 300.0394 30.8720 55445.2984 3.8409 
84039 1 354 446.0000 2289.8908 211.3861 330.4609 31.9200 40129.6971 6.6224 
84109 1 355 192.0000 2111.9965 90.6478 269.0789 29.8028 74377.0970 3.0416 
84165 2 227 6220.0000 5103.7225 3046.0119 370.6809 19.7808 8513.4279 153.9883 
84240 2 228 4284.0000 3553.4759 1547.9436 364.5533 19.6341 10520.6954 78.8397 
84245 1 356 242.0000 2165.2523 109.8582 303.0357 21.6440 71495.5685 5.0757 
84270 1 357 251.0000 2158.9739 121.9655 307.6912 19.5807 61412.0541 6.2289 
84390 1 358 253.0000 2136.1670 130.6615 309.9901 44.5698 41395.7659 2.9316 
84399 1 359 361.0000 2210.3790 176.0470 325.7046 21.0934 80942.3011 8.3461 
84450 1 360 169.0000 2221.6253 92.4803 282.9983 29.1403 57350.4937 3.1736 
88112 1 361 363.0000 2241.0497 188.9718 324.2039 9.3963 45704.0543 20.1113 
92698 1 362 195.0000 2174.1886 88.5979 282.4068 10.9233 64435.6757 8.1109 
98273 1 363 79.0000 2194.1785 74.1852 274.0160 6.7240 25691.6335 11.0328 
98739 1 364 180.0000 2189.8907 115.5556 306.5919 18.9539 36944.9438 6.0967 
